%YAML:1.0
---
intrinsicMatrix: !!opencv-matrix
   rows: 3
   cols: 3
   dt: d
   data: [ 463.93683119079373, 0., 320.80347904401475,
      0., 464.44000636795698, 250.20165005167712,
      0., 0., 1. ]
distCoeffs: !!opencv-matrix
   rows: 5
   cols: 1
   dt: d
   data: [ -0.17468813197275815, 0.055967634939060151,
      -0.0015678156695524733, 0.0010440050589316115,
      -0.011739555406629508 ]
