%YAML:1.0
---
extrinsicMatrix: !!opencv-matrix
   rows: 4
   cols: 4
   dt: d
   data: [ 0.99999613880035987, -0.0014544097244760996, -0.0023679266721460864, 0.75447147343211907,
      0.0014676480897036636, 0.9999832507402604, 0.0055985933971194881, 37.931295290581929,
      0.0023597443624470572, -0.0056020470628896099, 0.9999815241669463, -213.23205328013924,
      0., 0., 0., 1. ]
