%YAML:1.0
---
intrinsicMatrix: !!opencv-matrix
  rows: 3
  cols: 3
  dt: d
  data:
    [
      1489.2555542399098,
      0.,
      1059.4166291613892,
      0.,
      1489.4904251470439,
      855.32374992878056,
      0.,
      0.,
      1.,
    ]
distCoeffs: !!opencv-matrix
  rows: 5
  cols: 1
  dt: d
  data:
    [
      -0.17143992563059146,
      0.040906708326804882,
      -0.0075115858040708779,
      -0.0031331369588537728,
      -0.0079862575784168076,
    ]
