%YAML:1.0
---
extrinsicMatrix: !!opencv-matrix
  rows: 4
  cols: 4
  dt: d
  data:
    [
      0.99999739106179397,
      -0.0018774113454559816,
      0.0013012287444997899,
      -14.508932348017222,
      0.0018932048904875939,
      0.99992324278993283,
      -0.01224435803576001,
      21.424617348044642,
      -0.0012781411691175574,
      0.012246789583609249,
      0.99992418837632224,
      -94.625874853572739,
      0.,
      0.,
      0.,
      1.,
    ]
