%YAML:1.0
---
extrinsicMatrix: !!opencv-matrix
  rows: 4
  cols: 4
  dt: d
  data:
    [
      0.99999146376520132,
      0.00049454958393952255,
      0.0041021722829583341,
      -14.61420004888438,
      -0.00047189382522911419,
      0.99998464230300155,
      -0.0055219991267427323,
      -38.718201491979009,
      -0.0041048401854100218,
      0.0055200161998912745,
      0.99997633957419474,
      -200.85187078484543,
      0.,
      0.,
      0.,
      1.,
    ]
