%YAML:1.0
---
intrinsicMatrix: !!opencv-matrix
   rows: 3
   cols: 3
   dt: d
   data: [ 1283.4477184552325, 0., 1022.84106347215,
      0., 1283.9286189844579, 795.44538092458833,
      0., 0., 1. ]
distCoeffs: !!opencv-matrix
   rows: 5
   cols: 1
   dt: d
   data: [ -0.14057525080416117, 0.037199279572608407,
      -0.0005103602352918322, -0.00089215333078900537,
      -0.0074628832962329653 ]
