%YAML:1.0
---
extrinsicMatrix: !!opencv-matrix
   rows: 4
   cols: 4
   dt: d
   data: [ 0.99999373255594115, -0.00017510537127414703, 0.0035361259799187275, 0.8494772825714122,
      0.00019086275857108692, 0.99999005256405804, -0.0044562702274178016, -5.0002207665714788,
      -0.0035353104876793885, 0.004456917212752624, 0.99998381860343832, -96.523196921030333,
      0., 0., 0., 1. ]
