%YAML:1.0
---
intrinsicMatrix: !!opencv-matrix
   rows: 3
   cols: 3
   dt: d
   data: [ 365.29284116949106, 0., 334.18000780118672, 0.,
       365.11005834056738, 283.94809826647861, 0., 0., 1. ]
distCoeffs: !!opencv-matrix
   rows: 5
   cols: 1
   dt: d
   data: [ -0.10761842371784996, 0.024236901420266122,
       -0.0081971451863706492, -0.0022490318616574974,
       -0.0071353503002233214 ]
