%YAML:1.0
---
Extrinsic Matrix: !!opencv-matrix
   rows: 4
   cols: 4
   dt: d
   data: [ -7.3575558688050147e-01, 2.6964487170644214e-01,
       -6.2125305595751013e-01, 8.4540297554812804e-01,
       2.8196739371006208e-01, -7.1207149234807054e-01,
       -6.4299967237125921e-01, 8.6447960211452701e-01,
       -6.1575815484529606e-01, -6.4826370633223651e-01,
       4.4787951705107970e-01, -1.6623381739907075e+00, 0., 0., 0., 1. ]
