%YAML:1.0
---
Intrinsic Matrix: !!opencv-matrix
   rows: 3
   cols: 3
   dt: d
   data: [ 5.0111821984920016e+02, 0., 3.0733898736215315e+02, 0.,
       5.0158063303659986e+02, 2.8413780156873884e+02, 0., 0., 1. ]
