%YAML:1.0
---
Distortion Coefficients: !!opencv-matrix
   rows: 5
   cols: 1
   dt: d
   data: [ 9.2689527411656450e-310, 1.1357408761978149e-01,
       2.9562041163444519e-04, -1.5324540436267853e-04,
       -4.8320755362510681e-02 ]
