%YAML:1.0
---
Extrinsic Matrix: !!opencv-matrix
   rows: 4
   cols: 4
   dt: d
   data: [ 2.9732946705747443e-01, 7.4066631962407495e-02,
       -9.5189774768567614e-01, 2.0729410341016810e+03,
       -9.4579065356389602e-01, -1.1360108576368760e-01,
       -3.0426112624600854e-01, 1.6060351604776490e+03,
       -1.3067221453123212e-01, 9.9076179142266907e-01,
       3.6274577963734157e-02, -3.3919382845604132e+03, 0., 0., 0., 1. ]
