%YAML:1.0
---
Distortion Coefficients: !!opencv-matrix
   rows: 5
   cols: 1
   dt: d
   data: [ -1.8416777161028083e-01, -3.4002263959526602e-02,
       -1.1475282706767015e-02, 5.0084525201862110e-03,
       9.5305093025012014e-02 ]
