%YAML:1.0
---
Intrinsic Matrix: !!opencv-matrix
   rows: 3
   cols: 3
   dt: d
   data: [ 5.2790853881835938e+02, 0., 3.2314259338378906e+02, 0.,
       5.2790853881835938e+02, 2.4455969238281250e+02, 0., 0., 1. ]
