%YAML:1.0
---
Intrinsic Matrix: !!opencv-matrix
   rows: 3
   cols: 3
   dt: d
   data: [ 4.7921574244086296e+03, 0., 1.0403062143748641e+03, 0.,
       6.7679008679184526e+03, 8.5981032200816685e+02, 0., 0., 1. ]
