%YAML:1.0
---
Extrinsic Matrix: !!opencv-matrix
   rows: 4
   cols: 4
   dt: d
   data: [ 6.5600167201551443e-02, -1.5654579799400381e-01,
       9.8548974180026294e-01, -2.1057420249149255e+00,
       4.0468916951228912e-01, 9.0692227043758245e-01,
       1.1712673249004400e-01, -1.8180109841497130e+00,
       -9.1209829193052550e-01, 3.9113349193691038e-01,
       1.2284664156034804e-01, 3.5500219732318219e+00, 0., 0., 0., 1. ]
