%YAML:1.0
---
Distortion Coefficients: !!opencv-matrix
   rows: 5
   cols: 1
   dt: d
   data: [ -1.2625622872195666e-01, 8.1318040016836353e-03,
       -5.7420805742925242e-03, 2.5622760127857044e-03,
       1.1232310639279996e-02 ]
