%YAML:1.0
---
Intrinsic Matrix: !!opencv-matrix
   rows: 3
   cols: 3
   dt: d
   data: [ 1.2341776072347291e+03, 0., 1.0332315142013720e+03, 0.,
       1.2353546373164559e+03, 8.3727993004081429e+02, 0., 0., 1. ]
