%YAML:1.0
---
Distortion Coefficients: !!opencv-matrix
   rows: 5
   cols: 1
   dt: d
   data: [ -1.2625622870665523e-01, 8.1318040006626239e-03,
       -5.7420805748369811e-03, 2.5622760127747401e-03,
       1.1232310633912519e-02 ]
