%YAML:1.0
---
Extrinsic Matrix: !!opencv-matrix
   rows: 4
   cols: 4
   dt: d
   data: [ -3.0258136808176728e-01, 8.1485228221856365e-01,
       4.9442924049146286e-01, -8.7849356810166694e+02,
       6.1436179303797489e-01, -2.2985908550370560e-01,
       7.5480089299534170e-01, -8.5398026630137304e+02,
       7.2870028334352310e-01, 5.3214712155060939e-01,
       -4.3106303260714707e-01, 1.6786623506507644e+03, 0., 0., 0., 1. ]
