%YAML:1.0
---
Distortion Coefficients: !!opencv-matrix
   rows: 5
   cols: 1
   dt: d
   data: [ -1.4386793391785671e-01, -3.6106207080425847e+01,
       -2.4452893364035652e-01, 4.0840116823522093e-02,
       8.0498718578606508e+02 ]
