%YAML:1.0
---
Extrinsic Matrix: !!opencv-matrix
   rows: 4
   cols: 4
   dt: d
   data: [ -7.3575552711664904e-01, 2.6964484422963408e-01,
       -6.2125313866223519e-01, 8.4540303000210963e+02,
       2.8196742078584325e-01, -7.1207155740276673e-01,
       -6.4299958845506100e-01, 8.6447945837583529e+02,
       -6.1575821385725849e-01, -6.4826364630324207e-01,
       4.4787952280601562e-01, -1.6623380959640226e+03, 0., 0., 0., 1. ]
