%YAML:1.0
---
Extrinsic Matrix: !!opencv-matrix
   rows: 4
   cols: 4
   dt: d
   data: [ 6.5600217218108672e-02, -1.5654579731167351e-01,
       9.8548973857924527e-01, -2.1057419455972504e+03,
       4.0468917598788662e-01, 9.0692227029094219e-01,
       1.1712671125139684e-01, -1.8180108888498291e+03,
       -9.1209828546006055e-01, 3.9113349255001828e-01,
       1.2284668764945396e-01, 3.5500217797748141e+03, 0., 0., 0., 1. ]
