%YAML:1.0
---
Extrinsic Matrix: !!opencv-matrix
   rows: 4
   cols: 4
   dt: d
   data: [ 9.9989822978595655e-01, 3.5066094893093261e-03,
       1.3828729543957925e-02, -2.1732573875268679e+00,
       -3.0168318940080462e-03, 9.9937289306642085e-01,
       -3.5280580060075145e-02, 1.7142573200138955e+01,
       -1.3943772668605322e-02, 3.5235270595549026e-02,
       9.9928176552453141e-01, 2.9756963801948990e+02, 0., 0., 0., 1. ]
